85.0
79.5
79.0
68.5
70.5
69.0
91.0
90.5
70.5
60.0
84.5
63.0
81.5
86.5
83.5
63.5
84.0
69.0
67.0
79.5
21.0
83.0
49.5
98.0
77.0
34.5
75.0
82.0
69.0
88.0
83.5
79.5
93.5
84.0
93.5
54.0
79.0
70.0
62.5
98.0
70.5
62.5
56.5
71.5
67.5
78.0
76.0
92.0
93.0
55.5
78.5
77.0
85.5
87.0
95.5
80.0
73.0
85.5
55.5
61.5
67.0
90.0
48.0
92.5
85.5
74.5
30.5
77.0
85.5
54.0
96.0
77.0
66.0
89.0
52.0
82.0
80.5
83.5
81.5
50.5
94.5
78.5
99.5
99.5
76.5
70.0
65.5
39.0
63.0
95.0
80.0
54.0
98.5
95.5
88.0
82.5
76.0
89.5
76.5
49.0
66.0
74.5
67.5
81.0
41.5
93.0
65.0
79.0
89.5
90.5
96.5
92.5
68.5
86.0
57.0
88.0
84.5
84.0
93.0
63.0
84.0
66.0
25.5
90.0
60.0
56.5
50.0
71.5
75.5
62.0
87.0
80.0
92.5
40.5
97.5
65.5
92.5
89.5
80.5
62.5
75.5
20.0
79.0
33.5
95.5
97.5
85.5
92.0
73.0
86.0
95.5
86.5
75.0
76.5
69.0
87.0
48.5
54.5
60.5
75.5
58.5
84.0
54.5
93.0
67.0
75.5
73.5
91.0
86.0
88.5
85.0
73.0
78.0
90.0
90.0
46.0
87.5
85.0
72.0
76.5
89.0
74.5
86.0
86.0
82.0
82.5
49.0
68.0
70.5
71.5
94.5
65.0
89.0
26.0
93.5
70.0
92.5
69.5
62.0
78.5
79.5
84.5
98.0
91.5
79.5
51.5
87.0
51.0
87.0
91.0
79.0
42.5
88.5
75.0
88.0
75.5
77.0
60.5
73.5
85.0
68.0
84.5
66.0
94.0
68.5
82.5
82.5
66.0
58.5
86.0
84.5
58.5
76.0
82.0
98.5
50.0
68.0
83.5
45.5
69.5
62.0
89.0
65.0
85.5
33.0
60.5
76.5
57.5
62.5
77.0
94.0
84.0
92.0
65.5
72.0
90.5
53.0
94.5
77.0
