300 -149.8 299.8
284.9
10.7
-119.4
175.1
233.8
161.2
252.7
35.6
-103.9
228.2
-35.2
-1.0
131.5
29.2
273.2
41.5
170.0
-38.1
144.5
236.4
189.4
42.5
191.2
258.0
179.4
-75.0
1.4
208.3
178.6
141.0
-93.0
269.4
-49.9
158.2
-149.7
268.1
-92.8
-48.3
151.2
153.9
-79.7
-83.9
-6.5
-138.5
269.4
229.2
77.3
188.7
-116.6
20.4
229.1
294.4
9.9
269.6
25.9
-8.9
-67.4
198.9
190.0
-139.1
155.1
288.2
-10.6
197.3
-102.0
-130.5
289.8
-130.9
-136.2
161.5
177.3
7.2
44.5
115.3
112.8
18.3
299.8
292.7
226.7
-9.2
-67.8
119.1
-67.7
161.6
-69.0
-127.4
1.1
-86.4
171.3
163.7
110.5
-105.2
-60.5
-106.2
-94.7
-55.5
9.7
-13.5
258.7
197.6
-66.4
140.9
294.9
-4.6
218.3
125.0
193.2
223.2
-9.4
-115.6
282.9
-79.6
-101.2
113.1
-33.3
-62.5
89.9
149.7
185.7
113.0
-144.4
-149.8
38.1
239.2
176.1
-83.6
-69.3
90.0
120.3
262.8
-39.1
-130.6
-49.5
48.5
191.7
56.3
71.2
9.4
48.5
222.2
-130.6
191.2
-23.7
231.8
134.9
-114.8
-112.5
-135.9
128.4
168.7
141.4
-106.3
-62.4
11.7
-64.8
2.4
-22.1
-112.0
276.8
135.2
172.7
76.4
288.1
239.1
-39.1
-53.4
-70.3
-73.6
251.0
-17.2
221.4
206.8
-60.1
187.0
136.4
145.9
120.5
12.3
15.6
-79.5
-87.7
75.2
201.8
203.2
254.1
-50.5
-59.7
192.7
109.6
-3.9
-118.5
19.8
280.4
159.5
30.8
76.1
153.5
197.9
163.0
246.7
294.8
251.7
246.8
-92.7
197.2
155.3
-74.0
74.8
54.8
83.0
148.0
-50.7
-108.0
61.8
-86.0
17.3
-62.5
73.1
110.7
-28.1
136.2
-114.7
-141.0
-33.7
-140.9
-28.0
278.3
-72.1
189.2
75.7
107.3
98.9
217.3
138.7
37.2
-132.0
172.9
203.5
-11.9
111.3
109.9
113.5
-19.6
-3.9
75.1
-106.0
-52.2
-97.3
-115.0
-98.6
138.3
253.1
194.9
-109.3
-66.4
36.0
165.1
268.3
-12.8
257.3
-39.7
297.2
-110.4
264.0
-13.1
-110.9
142.3
73.1
-103.5
191.7
-25.8
-51.2
121.7
250.5
-148.3
262.4
-139.8
172.5
72.6
-125.1
239.3
-28.0
273.7
100.5
172.5
116.4
183.8
47.0
-128.9
98.6
210.7
-44.7
-24.8
174.8
152.7
-9.9
122.1
203.0
99.2
70.5
